0 0.4855703125 0.6990555555555554 0.03177343750000006 0.03813888888888886
0 0.5360625 0.6958194444444444 0.03338281250000001 0.035277777777777825
0 0.6512890625 0.8353194444444444 0.021546874999999945 0.054777777777777856
0 0.8105234375 0.721611111111111 0.015304687500000113 0.032736111111111105
0 0.8280625 0.6576527777777778 0.0141718749999999 0.028638888888888894
0 0.6901328125 0.5918611111111111 0.020781249999999928 0.020847222222222208
0 0.8127187499999999 0.5296527777777779 0.014671875000000157 0.019097222222222224
0 0.1132890625 0.8034861111111111 0.0322265625 0.0527083333333334
1 0.583 0.6694305555555555 0.09342968749999994 0.2092083333333334
1 0.676390625 0.8682083333333334 0.10549999999999997 0.2635833333333333
1 0.8528593750000001 0.7545833333333333 0.07952343749999997 0.23294444444444448
1 0.9035078125 0.7009305555555556 0.0486328125 0.1872916666666667
1 0.7368750000000001 0.6158888888888889 0.07595312500000002 0.22195833333333342
1 0.8878359375 0.5230972222222222 0.04150781250000009 0.10268055555555565
1 0.16970312499999998 0.8687222222222223 0.11708593749999999 0.22676388888888888