0 0.595609375 0.8910833333333333 0.03569531250000004 0.05231944444444454
1 0.7114921875 0.8795416666666667 0.15066406249999992 0.23687499999999995
0 0.3805703125 0.5494861111111111 0.029171875000000024 0.022555555555555568
1 0.45162500000000005 0.5636388888888889 0.09876562500000005 0.15759722222222225
0 0.27871875 0.3978055555555556 0.01703906249999996 0.018986111111111054
1 0.3294921875 0.386875 0.05514062500000003 0.08537500000000003
0 0.7302109375 0.5878888888888889 0.020937499999999963 0.029277777777777833
1 0.775984375 0.6244166666666666 0.06545312500000007 0.1027638888888889
0 0.6314921874999999 0.5151388888888888 0.02128125000000001 0.02454166666666661
1 0.6510390625 0.5174444444444445 0.0627968749999999 0.09972222222222216
0 0.5519375 0.42994444444444446 0.01540625000000002 0.019083333333333345
1 0.58078125 0.42162499999999997 0.05005468749999995 0.10027777777777784