0 0.38328125 0.5527500000000001 0.02578125 0.030305555555555624
0 0.3166875 0.4617777777777778 0.019984375000000033 0.025222222222222177
0 0.5996953125 0.5131388888888888 0.020570312499999945 0.022347222222222265
0 0.7395390625 0.5730416666666667 0.018257812499999915 0.04162500000000004
0 0.7783046875 0.691125 0.0177734375 0.030916666666666655
0 0.48390625 0.42443055555555553 0.025578125000000007 0.020680555555555535
0 0.4894375 0.3713055555555555 0.017125000000000057 0.019361111111111187
1 0.3569296875 0.4604583333333333 0.0703046875 0.11555555555555562
1 0.4184765625 0.5541805555555556 0.09229687500000003 0.16647222222222224
1 0.52196875 0.41768055555555555 0.057992187500000014 0.13070833333333334
1 0.5532109375 0.3636388888888889 0.03523437499999993 0.07568055555555557
1 0.6351171875 0.48915277777777777 0.06906250000000007 0.14865277777777774
1 0.76759375 0.5883194444444444 0.06906250000000007 0.14870833333333341
1 0.850765625 0.7471111111111111 0.08198437500000004 0.23645833333333333