0 0.094875 0.8001250000000001 0.02478125000000001 0.03834722222222208
1 0.1221171875 0.8529305555555555 0.1399921875 0.2789166666666666
0 0.466609375 0.6570138888888889 0.029703124999999986 0.033638888888888926
1 0.507890625 0.7106388888888889 0.13996093750000008 0.2372777777777778
0 0.6899140625 0.8125416666666666 0.02949999999999999 0.036208333333333245
1 0.768109375 0.8526111111111111 0.0872109374999999 0.23393055555555564
0 0.7053828125 0.675875 0.024656249999999956 0.042416666666666616
1 0.7343359375 0.6264305555555555 0.098828125 0.1704305555555556
0 0.600375 0.5059861111111111 0.01994531249999998 0.024263888888888925
1 0.64790625 0.5215416666666667 0.07142187500000005 0.1244027777777777
0 0.44584375 0.5400277777777778 0.024671874999999944 0.0275555555555556
1 0.49403125000000003 0.5277777777777778 0.07905468750000004 0.17351388888888897
0 0.75734375 0.45463888888888887 0.014000000000000058 0.016013888888888852
1 0.7741796875 0.48438888888888887 0.06615624999999996 0.12319444444444451