0 0.2140859375 0.7541666666666667 0.04340624999999998 0.03816666666666669
0 0.6092109375 0.6660138888888889 0.022632812500000023 0.05749999999999997
0 0.60996875 0.8504444444444446 0.03742187500000007 0.070013888888889
0 0.863796875 0.5120972222222222 0.012750000000000128 0.04122222222222215
0 0.8734140625 0.7360555555555556 0.02136718749999993 0.03512499999999995
0 0.5690078125 0.9351527777777777 0.027609374999999936 0.04516666666666664
0 0.107578125 0.6033055555555555 0.022007812500000012 0.049902777777777706
1 0.081875 0.6360833333333333 0.0858046875 0.20174999999999998
1 0.29978906250000004 0.8315277777777779 0.11404687500000002 0.23633333333333345
1 0.6426875 0.6692083333333332 0.08065625000000001 0.16454166666666661
1 0.68984375 0.9145833333333333 0.1546875 0.17083333333333334
1 0.9206953125 0.6976805555555555 0.06662500000000016 0.12697222222222215
1 0.879703125 0.5335416666666666 0.05880468749999999 0.09938888888888882
0 0.10778125000000001 0.8166944444444444 0.027492187499999998 0.0667083333333333
1 0.0742109375 0.8521388888888889 0.11377343749999999 0.28325000000000006
0 0.7261640625 0.8137638888888888 0.02405468749999997 0.06240277777777787
1 0.7467421875 0.8402638888888889 0.06514062499999991 0.18913888888888897
0 0.7560625 0.4545555555555555 0.014804687500000035 0.024583333333333398
1 0.7835234375 0.4478333333333333 0.048742187500000075 0.1044166666666666