0 0.47317187499999996 0.6539861111111112 0.02642187499999995 0.0351527777777777
1 0.5501953125 0.7108888888888889 0.11195312499999996 0.25122222222222224
0 0.700140625 0.6175972222222222 0.02582812499999996 0.028319444444444425
1 0.750953125 0.640625 0.07195312499999992 0.19538888888888897
0 0.1130859375 0.812625 0.02754687499999999 0.05309722222222225
1 0.1525078125 0.8810972222222222 0.132859375 0.2377916666666667
0 0.318265625 0.44513888888888886 0.013671875 0.039569444444444456
1 0.3352109375 0.45961111111111114 0.06930468750000003 0.13679166666666667
0 0.45511718749999996 0.5496111111111112 0.02267968749999998 0.025083333333333256
1 0.5013359375 0.5228611111111111 0.08203125 0.18222222222222212
0 0.596953125 0.5053472222222223 0.02042968750000007 0.02954166666666664
1 0.6280390625 0.4991111111111111 0.06915624999999999 0.13055555555555556