0 0.6903671874999999 0.810513888888889 0.03617968749999996 0.04477777777777779
1 0.758046875 0.8335694444444444 0.09032812499999991 0.22323611111111114
0 0.46599218750000004 0.6565138888888888 0.03068749999999998 0.03554166666666671
1 0.5071718749999999 0.70825 0.13785156250000002 0.24930555555555564
0 0.6004765625 0.5045138888888889 0.015421875000000007 0.022277777777777726
1 0.64553125 0.5341944444444444 0.08975000000000008 0.15183333333333324
0 0.44803906250000003 0.5414444444444444 0.01846875000000008 0.03397222222222227
1 0.497171875 0.5268472222222222 0.08064062500000002 0.16119444444444453
0 0.3863203125 0.5556944444444445 0.0326171875 0.030416666666666634
1 0.42141406249999996 0.6216388888888889 0.084765625 0.2264722222222223
0 0.0959296875 0.803861111111111 0.02931250000000001 0.04870833333333324
1 0.1294296875 0.8591944444444445 0.1231875 0.27701388888888895
0 0.710125 0.6763888888888889 0.026070312499999915 0.029180555555555543
1 0.738171875 0.6526111111111111 0.09231250000000006 0.21220833333333328