0 0.1112109375 0.8154444444444444 0.028171875000000002 0.055486111111111173
1 0.149609375 0.8798611111111111 0.14296875 0.24027777777777778
0 0.372484375 0.5566527777777778 0.026351562500000016 0.021222222222222184
1 0.4266875 0.579375 0.09518749999999998 0.14825000000000002
0 0.47440625000000003 0.6517777777777778 0.02578125 0.030847222222222272
1 0.51971875 0.7140555555555556 0.11640625 0.24218055555555565
0 0.694421875 0.6171527777777778 0.024179687500000036 0.029666666666666685
1 0.7476953125 0.6470555555555555 0.0705078125 0.19652777777777777
0 0.5978203125 0.5084861111111111 0.01799999999999997 0.027861111111111034
1 0.62415625 0.5070416666666666 0.07383593749999999 0.1559861111111112
0 0.7253203125 0.4605 0.015867187499999956 0.01676388888888896
1 0.7500234375 0.47665277777777776 0.054031250000000065 0.13756944444444438