0 0.5715234375 0.9329861111111111 0.04662500000000005 0.0635833333333333
0 0.6034296875 0.8477083333333334 0.029421875000000063 0.062041666666666766
0 0.725421875 0.8121944444444444 0.021296874999999993 0.07090277777777772
0 0.593640625 0.6574861111111111 0.021718749999999964 0.04398611111111105
0 0.44446874999999997 0.5375555555555556 0.026624999999999944 0.02993055555555549
0 0.8643984375 0.6935555555555556 0.020046874999999888 0.031166666666666742
1 0.40418750000000003 0.5591388888888889 0.09164062499999996 0.15620833333333337
1 0.6483671875 0.6620694444444445 0.07846875000000005 0.16876388888888896
1 0.6823125 0.9208055555555555 0.1303671875000001 0.15838888888888883
1 0.757296875 0.8528611111111111 0.056984375000000045 0.20191666666666683
1 0.9189921875 0.6977361111111111 0.08325781250000013 0.1440972222222222
0 0.5340390625 0.4305277777777778 0.023695312499999944 0.02226388888888885
1 0.5784140625 0.4279166666666667 0.05971875000000004 0.09947222222222223
0 0.861140625 0.5053055555555556 0.00897656249999983 0.040388888888888946
1 0.8821406250000001 0.5326111111111111 0.04782031250000003 0.09022222222222227
0 0.75675 0.4590972222222222 0.013507812499999971 0.015361111111111036
1 0.7843125000000001 0.44901388888888893 0.05253906250000009 0.1045694444444444