0 0.616046875 0.8475416666666666 0.023093749999999958 0.05748611111111125
0 0.44851562500000003 0.7176527777777778 0.026187499999999985 0.036527777777777715
0 0.5489375 0.6980694444444444 0.0337890625 0.026763888888888865
0 0.698546875 0.61025 0.02265625 0.02876388888888894
0 0.8272734375 0.6551666666666667 0.013429687500000042 0.02919444444444442
0 0.812703125 0.5300416666666666 0.017367187500000013 0.022486111111111186
0 0.1132890625 0.8007916666666668 0.035335937500000004 0.04751388888888894
1 0.17784375 0.8909722222222223 0.1264609375 0.2180416666666667
1 0.6634296875000001 0.8663055555555556 0.12062500000000007 0.26738888888888884
1 0.487875 0.7143055555555555 0.10453906249999996 0.23972222222222217
1 0.6140859375 0.66175 0.08735156249999995 0.20122222222222222
1 0.7463515625 0.6081388888888889 0.07878906249999992 0.16902777777777783
1 0.9086015625 0.6982638888888889 0.05715624999999989 0.16236111111111115
1 0.8698203124999999 0.5366111111111111 0.0573125000000001 0.11305555555555552
0 0.7228203125 0.4699305555555556 0.012570312499999936 0.03245833333333334
1 0.7548125 0.45933333333333337 0.048890624999999945 0.10962500000000008
0 0.6633515625 0.44665277777777773 0.013367187499999923 0.024791666666666698
1 0.685109375 0.4185 0.03215625000000007 0.08593055555555557