0 0.4728515625 0.6542777777777777 0.02495312500000004 0.03388888888888886
1 0.5268671875 0.7109861111111111 0.11364062500000002 0.2275555555555556
0 0.3714765625 0.5558888888888889 0.029476562500000015 0.018583333333333327
1 0.431953125 0.5641944444444444 0.0867109375 0.18500000000000005
1 0.5033984375 0.5291388888888889 0.0704140624999999 0.16688888888888884
0 0.4550859375 0.5496111111111112 0.023164062500000072 0.023638888888888862
1 0.75275 0.6520555555555556 0.06332812499999996 0.21054166666666663
0 0.700203125 0.6173611111111111 0.025859374999999928 0.028347222222222176
0 0.113390625 0.8134444444444444 0.028898437500000006 0.05429166666666655
1 0.150890625 0.8788472222222222 0.13190625000000003 0.23009722222222231
0 0.31746093750000004 0.44736111111111115 0.01442968750000002 0.03411111111111104
1 0.3382265625 0.4615277777777778 0.06973437499999999 0.13781944444444447
0 0.7273671875 0.4624027777777778 0.017734375000000035 0.018013888888888926
1 0.7603359375000001 0.45666666666666667 0.04855468750000007 0.08743055555555562
0 0.5995 0.5115138888888889 0.015859374999999964 0.02418055555555551
1 0.6321718749999999 0.49 0.06515625000000007 0.1200694444444445