0 0.11078125000000001 0.7983194444444444 0.03871875 0.04461111111111096
1 0.178171875 0.8925138888888889 0.12782812500000001 0.2149583333333333
0 0.44957812500000005 0.7185 0.024867187499999943 0.04059722222222225
1 0.48746875 0.7353472222222223 0.12729687500000003 0.2615138888888888
0 0.6913125 0.5958194444444445 0.019882812500000034 0.02981944444444448
1 0.727484375 0.6042083333333333 0.08544531250000009 0.23933333333333323
0 0.6064453125 0.8255694444444444 0.02268749999999997 0.06754166666666682
1 0.6389218750000001 0.8586805555555556 0.1383828124999999 0.282625
0 0.8159375000000001 0.7445555555555556 0.015390624999999858 0.04311111111111106
1 0.8474453125 0.7564027777777778 0.0911015625000001 0.21790277777777783
0 0.827375 0.6549722222222222 0.016437499999999973 0.021625000000000068
1 0.893375 0.6539722222222223 0.04468749999999986 0.09309722222222218
0 0.6495390624999999 0.41727777777777775 0.014710937499999943 0.017527777777777784
1 0.6796796875 0.4096805555555556 0.03942187500000003 0.08634722222222216