0 0.451265625 0.7197083333333334 0.029789062500000085 0.03959722222222221
0 0.6014140625 0.8532916666666667 0.03761718750000007 0.03302777777777774
0 0.5425546875 0.694763888888889 0.030773437500000077 0.02837499999999993
0 0.8273828125 0.6545833333333333 0.013226562499999872 0.02752777777777785
0 0.6917734375 0.5953888888888889 0.0216796875 0.02301388888888896
0 0.1126484375 0.8003194444444445 0.03656250000000001 0.04747222222222231
1 0.1789921875 0.8888194444444445 0.13785937500000003 0.21108333333333335
1 0.715875 0.8906805555555555 0.11030468750000004 0.21862500000000012
1 0.6044140625 0.6606944444444445 0.09890624999999993 0.21113888888888893
1 0.7371171875 0.596375 0.07535937500000003 0.16790277777777776
1 0.8986875 0.6922777777777778 0.04805468750000017 0.1616388888888889
0 0.8400859374999999 0.5231666666666667 0.016937499999999873 0.013624999999999924
1 0.8829140625 0.5477361111111111 0.0409296874999999 0.10213888888888883
0 0.72275 0.46858333333333335 0.0115234375 0.030069444444444413
1 0.755265625 0.4596666666666666 0.050046874999999956 0.10645833333333331