0 0.572078125 0.9332083333333333 0.04301562499999996 0.05584722222222227
0 0.6075625 0.8455277777777778 0.028554687499999964 0.0652083333333334
0 0.7217265625 0.8056666666666668 0.018062499999999915 0.053194444444444385
1 0.6930156249999999 0.9142361111111111 0.14053125000000008 0.1715138888888889
1 0.6760625 0.8426527777777778 0.11357031250000009 0.20504166666666682
1 0.7529140625 0.8464166666666666 0.057375000000000044 0.2212083333333333
1 0.91884375 0.7191111111111111 0.07040624999999992 0.17987499999999998
0 0.87834375 0.7339166666666667 0.021468750000000016 0.033444444444444346
0 0.6053515625 0.6790833333333334 0.02464062499999997 0.06083333333333327
1 0.6450234375 0.690736111111111 0.09160937499999999 0.18813888888888886
0 0.44508593750000003 0.5381527777777778 0.02659374999999997 0.027361111111111173
1 0.529828125 0.5466805555555556 0.08539062499999997 0.17011111111111113
0 0.5342890625 0.4298888888888889 0.020242187500000064 0.016569444444444376
1 0.5775546874999999 0.42394444444444446 0.05836718750000003 0.09522222222222215
0 0.7597734375 0.45970833333333333 0.017531250000000043 0.01637499999999995
1 0.7860624999999999 0.44990277777777776 0.05117187499999991 0.10673611111111114
0 0.2063203125 0.7764444444444444 0.0291015625 0.06066666666666676
1 0.271484375 0.800263888888889 0.10054687500000004 0.24008333333333343