0 0.6123984375 0.8748888888888888 0.03916406250000008 0.04836111111111102
0 0.738328125 0.5769166666666666 0.016999999999999994 0.040930555555555595
0 0.742359375 0.4430972222222222 0.010945312499999993 0.01687499999999997
0 0.4888125 0.37143055555555554 0.018265625000000084 0.01466666666666659
1 0.527171875 0.35463888888888895 0.049539062500000064 0.09133333333333336
1 0.7797578125 0.47275 0.05228906250000005 0.08615277777777774
1 0.771765625 0.5895972222222222 0.056906249999999936 0.14925000000000005
1 0.648828125 0.9 0.12578125 0.2
1 0.8501484375 0.7375138888888889 0.09357031249999999 0.21691666666666676
0 0.778578125 0.6893750000000001 0.017531250000000043 0.031652777777777724
0 0.492875 0.42688888888888893 0.02754687499999999 0.019736111111111163
1 0.5515625 0.43988888888888894 0.05682031250000001 0.09626388888888882