0 0.5962734375000001 0.5150972222222222 0.017921875000000042 0.021249999999999936
0 0.72996875 0.5741111111111111 0.019054687500000077 0.0431805555555556
0 0.7796015625 0.7149444444444444 0.030820312500000037 0.032222222222222284
1 0.6352421875 0.49225 0.06326562500000002 0.14616666666666667
1 0.76378125 0.5870694444444444 0.07076562499999994 0.15070833333333333
1 0.8437734375 0.7220555555555556 0.08619531249999994 0.19388888888888883
0 0.4925859375 0.4262361111111111 0.027812499999999928 0.02137499999999998
1 0.5515703125 0.4359722222222222 0.05451562499999998 0.0895972222222222
0 0.48829687499999996 0.369875 0.01863281249999993 0.015888888888888966
1 0.5388984375 0.35904166666666665 0.06137499999999996 0.0683888888888889
0 0.43060937499999996 0.3256388888888889 0.014070312499999993 0.015222222222222194
1 0.4601484375 0.31316666666666665 0.047265625 0.07608333333333338