0 0.201515625 0.80575 0.035703125000000016 0.06277777777777784
1 0.2518828125 0.8162916666666666 0.09982812499999998 0.25952777777777786
0 0.4726796875 0.6520694444444445 0.030281249999999992 0.037347222222222205
1 0.51253125 0.7136388888888889 0.13927343749999999 0.25156944444444435
0 0.3768515625 0.550875 0.029132812499999973 0.029569444444444395
1 0.42072656249999996 0.5769861111111111 0.09385156250000004 0.1717916666666666
0 0.7003046875 0.6196111111111111 0.027476562500000058 0.03213888888888887
1 0.7321015625 0.6325972222222223 0.08039843750000006 0.19762499999999994
0 0.596875 0.5073888888888889 0.017390624999999993 0.025791666666666737
1 0.6230781249999999 0.5086805555555556 0.07110156249999999 0.1557361111111111
0 0.725609375 0.4700833333333333 0.015625 0.024125000000000008
1 0.75296875 0.46923611111111113 0.05471093749999998 0.12666666666666673
0 0.6766875 0.4054861111111111 0.013343749999999942 0.020277777777777808
0 0.7101953125 0.40079166666666666 0.03679687499999993 0.08288888888888882