0 0.11268750000000001 0.8001111111111112 0.04103125 0.04690277777777775
0 0.5553203124999999 0.6881111111111111 0.03071874999999995 0.03413888888888895
0 0.6115468749999999 0.8083472222222222 0.030304687499999972 0.06651388888888903
0 0.6825390625 0.7834861111111111 0.015914062499999916 0.036597222222222094
0 0.8270546875000001 0.6547222222222222 0.014687500000000141 0.03008333333333329
1 0.6235 0.6543749999999999 0.07553125000000005 0.19209722222222214
1 0.7538671875 0.7975416666666667 0.08860156250000006 0.17670833333333336
1 0.8433359375 0.7355277777777778 0.09225781250000002 0.17533333333333334
1 0.07078124999999999 0.8378888888888889 0.12390624999999997 0.2736666666666666
1 0.645703125 0.8791666666666667 0.13984375 0.24166666666666667
0 0.8107734375 0.5289583333333334 0.019359375000000158 0.021500000000000026
1 0.8706484375000001 0.5249166666666667 0.0556640625 0.09945833333333336