0 0.1050546875 0.8158194444444444 0.029640624999999997 0.06597222222222222
0 0.5723359375 0.9338055555555556 0.04357812499999998 0.06394444444444439
0 0.6023515625 0.844388888888889 0.029007812500000084 0.06049999999999992
0 0.72628125 0.8189583333333333 0.025265624999999937 0.07558333333333343
0 0.8725078125 0.7360416666666667 0.018531249999999843 0.03131944444444438
0 0.6066953125000001 0.6638611111111111 0.027218749999999937 0.058263888888888955
0 0.8625468749999999 0.5134583333333333 0.0118046875000001 0.04130555555555557
1 0.0742890625 0.8415555555555555 0.1202734375 0.27405555555555544
1 0.6411796875 0.6717361111111111 0.08298437500000003 0.18297222222222223
1 0.6615390624999999 0.8246805555555555 0.08333593750000005 0.1477777777777779
1 0.7572109375 0.8427222222222223 0.06461718750000003 0.19223611111111122
1 0.6809921875 0.9121944444444444 0.1281328125 0.1756111111111112
1 0.88375 0.5267083333333333 0.04926562499999996 0.07899999999999999
1 0.9226796875 0.6945 0.06328906250000017 0.12369444444444452
0 0.44850781250000005 0.5474861111111111 0.025382812500000008 0.045333333333333316
1 0.5186640625 0.5355138888888888 0.06221875000000008 0.15237500000000004
0 0.756 0.45248611111111114 0.013156249999999935 0.024944444444444495
1 0.784890625 0.4475277777777778 0.04846093749999998 0.10090277777777774