0 0.4551015625 0.5526388888888889 0.02139843750000008 0.026430555555555516
0 0.37227343749999997 0.4545972222222222 0.018664062499999988 0.028277777777777797
0 0.48724999999999996 0.42331944444444447 0.026406249999999964 0.02201388888888892
0 0.6443125000000001 0.39711111111111114 0.018312500000000044 0.019847222222222172
1 0.41035937499999997 0.4330833333333333 0.06647656249999997 0.14762499999999995
1 0.4994140625 0.5334305555555555 0.07917187499999993 0.16824999999999998
1 0.527296875 0.4155277777777778 0.06375781249999993 0.10900000000000003
0 0.6683828125 0.4170555555555555 0.01765624999999993 0.017458333333333402
1 0.68759375 0.41833333333333333 0.04196093750000003 0.1131666666666667
0 0.0160078125 0.6495972222222222 0.0155078125 0.034597222222222175
1 0.060406249999999995 0.6448333333333333 0.08908593749999999 0.2179722222222223
0 0.6147890625 0.5056111111111111 0.01671875000000007 0.01637499999999995
1 0.6217578125000001 0.4997361111111111 0.07551562500000006 0.1355000000000001