0 0.376328125 0.5511666666666666 0.03405468750000003 0.029638888888888933
0 0.4741640625 0.6525833333333334 0.030601562500000058 0.03718055555555553
1 0.43039062499999997 0.57775 0.08990625 0.13950000000000007
1 0.5187109375000001 0.7099722222222222 0.12778906249999994 0.21863888888888883
0 0.7024765625 0.6137222222222222 0.017765625000000007 0.018638888888888833
1 0.7260625 0.6090416666666667 0.08731249999999999 0.1483194444444444
0 0.73253125 0.47019444444444447 0.016890624999999916 0.021708333333333326
1 0.76090625 0.46534722222222225 0.043085937500000074 0.1059861111111112
0 0.6766875 0.4051388888888889 0.014882812499999964 0.020444444444444484
1 0.703359375 0.3978055555555556 0.041593750000000006 0.0845277777777778
0 0.45764062499999997 0.3720277777777778 0.018374999999999985 0.019833333333333297
1 0.5042578125 0.35165277777777776 0.05787499999999994 0.11493055555555555