0 0.2009296875 0.8108194444444444 0.03660937500000001 0.058527777777777915
0 0.4734765625 0.6538611111111111 0.026468750000000086 0.03490277777777777
0 0.37617968749999997 0.551 0.030929687500000025 0.026375000000000013
1 0.263484375 0.8265277777777779 0.10114843750000002 0.2887361111111112
1 0.42397656250000004 0.5744583333333334 0.09043749999999999 0.16515277777777773
1 0.515921875 0.7072777777777778 0.13089062499999998 0.23268055555555553
0 0.451484375 0.5487916666666667 0.01023437499999993 0.026972222222222165
0 0.7003359375 0.6156944444444444 0.01896874999999998 0.020444444444444484
1 0.72884375 0.6145 0.08985937499999999 0.15699999999999995
0 0.6762578125 0.4048611111111111 0.013054687500000028 0.02169444444444445
1 0.708703125 0.4004166666666667 0.03589843750000003 0.08033333333333338
0 0.3087578125 0.44893055555555555 0.01584374999999998 0.03420833333333333
1 0.3289375 0.45769444444444446 0.08463281250000003 0.13276388888888893