0 0.11289843749999999 0.8129861111111112 0.029164062499999987 0.05356944444444436
1 0.1490546875 0.8828472222222222 0.13156250000000003 0.23429166666666673
0 0.474046875 0.6527916666666667 0.029335937499999964 0.03476388888888885
1 0.5572421875 0.7104444444444444 0.09864843749999999 0.22459722222222228
0 0.3757578125 0.5516805555555555 0.02999999999999998 0.026500000000000058
1 0.42207812499999997 0.5782083333333333 0.09183593749999996 0.16333333333333336
0 0.31240625 0.4466111111111111 0.015367187499999968 0.03895833333333327
1 0.3323125 0.4561527777777778 0.08265624999999996 0.1327777777777778
0 0.5981171875 0.5109027777777778 0.02109375 0.02226388888888885
1 0.6287421875 0.5040833333333333 0.07319531250000004 0.14638888888888885
0 0.7242578125 0.46143055555555557 0.014835937500000007 0.015999999999999976
1 0.747390625 0.475 0.05687499999999997 0.13581944444444438