0 0.09432812499999998 0.8000416666666667 0.027726562499999996 0.04351388888888879
0 0.46616406250000003 0.6553611111111112 0.029164062499999942 0.03501388888888894
0 0.386171875 0.553125 0.022453125000000008 0.03901388888888893
0 0.6008671875 0.5058750000000001 0.022414062500000043 0.01843055555555553
0 0.4499765625 0.5400833333333334 0.018765624999999987 0.026722222222222234
1 0.12461718749999999 0.8550277777777778 0.12922656249999998 0.26548611111111126
1 0.42114062499999994 0.5735972222222222 0.08959375000000006 0.1591666666666667
1 0.49964062499999995 0.5285 0.0857421875 0.17973611111111107
1 0.6588984375 0.518375 0.06560937500000001 0.11258333333333326
1 0.504984375 0.7048333333333333 0.13648437500000005 0.21674999999999991
0 0.696359375 0.8123611111111111 0.02510937500000008 0.038902777777777765
1 0.7536328125 0.842875 0.08442187499999995 0.23412499999999992
0 0.7564609375 0.45386111111111105 0.014601562500000043 0.01925000000000002
1 0.7815703125000001 0.4589027777777778 0.05903125000000005 0.09115277777777778