0 0.39428125 0.55425 0.023734374999999995 0.03352777777777776
1 0.4195078125 0.561625 0.08760156250000004 0.16547222222222221
0 0.3127578125 0.4484166666666667 0.01632812499999998 0.038430555555555496
1 0.3332578125 0.45708333333333334 0.08182031250000002 0.1419444444444445
0 0.6113203125 0.870875 0.03728906250000001 0.047458333333333436
1 0.6394296875000001 0.9030833333333333 0.13530468750000005 0.19383333333333325
0 0.4868203125 0.42475 0.02497656250000002 0.02518055555555555
1 0.5212578125 0.4290416666666667 0.07241406250000004 0.13601388888888882
0 0.736 0.5734305555555556 0.021007812500000077 0.041499999999999995
1 0.7633046875 0.5919583333333333 0.07962500000000006 0.15340277777777783
0 0.7418359375 0.4446111111111111 0.012656250000000036 0.020402777777777853
1 0.7481328125 0.46013888888888893 0.06817968749999999 0.0995833333333334