0 0.190203125 0.745736111111111 0.024867187499999988 0.06487500000000004
1 0.26985156250000003 0.8149027777777778 0.12315625 0.26576388888888886
0 0.5727890625 0.9316805555555555 0.04517187499999995 0.059319444444444494
1 0.6715625000000001 0.914513888888889 0.1875859374999999 0.1709722222222221
0 0.60778125 0.842125 0.028359374999999964 0.05120833333333318
1 0.6826015625 0.8296666666666667 0.1029296875 0.15768055555555552
0 0.444828125 0.5390555555555555 0.02503124999999997 0.028958333333333364
1 0.5143984374999999 0.5335 0.08089062499999997 0.15130555555555564
0 0.87803125 0.7312083333333333 0.021773437499999916 0.03861111111111105
1 0.9162890625 0.7128194444444444 0.06856250000000016 0.16570833333333326
0 0.5327578125 0.43072222222222223 0.02224218750000002 0.023499999999999945
1 0.5765078124999999 0.42800000000000005 0.06202343750000008 0.10554166666666667
0 0.7587109375 0.46084722222222224 0.01780468749999997 0.017458333333333402
1 0.7872421875 0.4636805555555556 0.05024999999999995 0.1331527777777778