0 0.11282812499999999 0.8000694444444444 0.035218749999999986 0.050374999999999975
1 0.069921875 0.8506944444444444 0.12734375 0.2986111111111111
0 0.4845 0.6968194444444443 0.03508593750000007 0.042347222222222154
1 0.590796875 0.6592361111111111 0.10559375000000007 0.2739166666666667
0 0.65190625 0.8436805555555557 0.026070312499999915 0.06090277777777765
1 0.654484375 0.8688333333333332 0.1416015625 0.2623333333333335
0 0.827921875 0.6558472222222222 0.016460937500000127 0.02677777777777774
1 0.839421875 0.7604444444444444 0.10099218749999998 0.20815277777777771
0 0.811140625 0.5295 0.01971874999999983 0.025583333333333277
1 0.8642578125 0.5670833333333334 0.0669921875 0.09515277777777777
0 0.4988984375 0.418 0.015054687499999986 0.029958333333333403
1 0.5150390625 0.4547083333333333 0.07478125000000002 0.17345833333333333
0 0.094609375 0.43459722222222225 0.026921874999999994 0.032027777777777704
1 0.13089062499999998 0.41129166666666667 0.0619609375 0.1360277777777778