0 0.27809375 0.3975416666666667 0.01590625000000001 0.02369444444444437
1 0.33284375 0.38534722222222223 0.05658593749999996 0.09752777777777781
0 0.381046875 0.5502361111111111 0.027859374999999974 0.023166666666666596
1 0.4471015625 0.5551805555555556 0.09321874999999995 0.15170833333333336
0 0.592390625 0.8879444444444445 0.03239062500000003 0.05159722222222235
1 0.6994687500000001 0.8740694444444445 0.15476562499999993 0.251861111111111
0 0.7303359375 0.5886944444444444 0.019421874999999922 0.029666666666666685
1 0.75171875 0.6467916666666667 0.11015625 0.1606666666666666
0 0.631859375 0.5133611111111112 0.021242187500000044 0.02819444444444438
1 0.7467890625 0.5113472222222223 0.09686718750000001 0.15984722222222228
1 0.6545859375 0.5195416666666667 0.0609375 0.10404166666666662