0 0.6967734375 0.6159305555555556 0.024812499999999994 0.029777777777777854
0 0.37165625 0.5553888888888889 0.027968749999999966 0.023027777777777834
0 0.6041328125 0.5157083333333333 0.021976562500000085 0.021652777777777823
0 0.1097421875 0.8129861111111112 0.025773437500000006 0.060638888888889006
1 0.14910937500000002 0.8799027777777777 0.13348437500000002 0.220013888888889
1 0.42689062499999997 0.5628888888888889 0.08599218749999996 0.15273611111111116
1 0.632609375 0.5005694444444445 0.07156249999999993 0.14844444444444443
1 0.7394765624999999 0.6190138888888889 0.06852343750000003 0.1396527777777777
0 0.727328125 0.4624027777777778 0.0177734375 0.019361111111111187
0 0.74471875 0.45786111111111116 0.01721874999999997 0.01988888888888896
1 0.761609375 0.46929166666666666 0.04828124999999996 0.1176111111111112
0 0.658796875 0.40987500000000004 0.013781250000000078 0.013513888888888914
1 0.6846796875 0.38716666666666666 0.04081250000000001 0.08113888888888887