0 0.11234375 0.7997222222222221 0.03546874999999999 0.046388888888889014
1 0.179140625 0.8909722222222223 0.136125 0.21805555555555556
0 0.44789843749999997 0.7171944444444445 0.027085937500000056 0.03963888888888884
1 0.490234375 0.724486111111111 0.12028906250000002 0.2949444444444444
0 0.5988359375 0.8283333333333333 0.02642187499999995 0.06891666666666652
1 0.6507578125 0.8654861111111111 0.14490625000000001 0.26901388888888894
0 0.6914140625 0.5912916666666667 0.02681249999999995 0.030472222222222296
1 0.7370625000000001 0.6020833333333333 0.10010156250000009 0.17548611111111115
0 0.8152890625 0.7395555555555556 0.02257812500000007 0.026833333333333244
1 0.8514609375 0.7560277777777779 0.08206249999999997 0.2228055555555556
0 0.8268437499999999 0.6535138888888888 0.013960937499999914 0.02691666666666666
1 0.8969609374999999 0.7017222222222222 0.057351562499999884 0.1553333333333333
0 0.8119999999999999 0.5295416666666667 0.017710937500000058 0.019722222222222287
1 0.8646953125 0.5375833333333333 0.07767187500000006 0.12418055555555552
0 0.3553671875 0.37106944444444445 0.012109375 0.030388888888888882
1 0.36646875 0.3726388888888889 0.06001562500000004 0.09904166666666671
0 0.18174218749999999 0.6244722222222222 0.027414062500000023 0.04502777777777772
1 0.230203125 0.6289583333333334 0.11489843750000002 0.17286111111111116