0 0.610953125 0.5043194444444444 0.015687499999999945 0.017847222222222254
1 0.6187109375000001 0.5107361111111112 0.07293749999999992 0.12958333333333327
0 0.48845312500000004 0.4238194444444444 0.022453125000000008 0.026249999999999968
1 0.5280234375 0.42105555555555557 0.0591796875 0.12580555555555561
0 0.6442734375 0.39575 0.01841406249999995 0.019652777777777745
0 0.6678203125 0.414875 0.014679687499999972 0.016347222222222197
1 0.703640625 0.4043472222222222 0.027374999999999972 0.07659722222222219
0 0.3706328125 0.4527083333333333 0.014531250000000018 0.01786111111111113
1 0.40737500000000004 0.44175 0.06598437500000003 0.12523611111111105
0 0.0175546875 0.6489305555555556 0.018874999999999996 0.035513888888888956
1 0.07535937499999999 0.6560694444444445 0.0997890625 0.17788888888888887