0 0.36753125 0.5483194444444445 0.031156249999999996 0.021291666666666723
0 0.47336718749999995 0.6532083333333334 0.026953125 0.03730555555555558
0 0.454203125 0.5415833333333333 0.015476562499999957 0.024791666666666698
1 0.420890625 0.5712777777777778 0.09810937499999998 0.17399999999999996
1 0.5253515625 0.6972222222222222 0.12262500000000003 0.21719444444444452
0 0.6897968750000001 0.8082083333333333 0.03250781249999992 0.03680555555555556
1 0.7499921875 0.8417499999999999 0.08164843749999999 0.25013888888888874
0 0.6767265625000001 0.4049861111111111 0.014632812500000014 0.0210972222222223
1 0.7109375 0.39955555555555555 0.036484375000000034 0.0774027777777778
0 0.7253359374999999 0.4637777777777778 0.01760156249999998 0.018375000000000027
0 0.74846875 0.4625972222222222 0.017406249999999977 0.018597222222222203
1 0.7819531249999999 0.46601388888888884 0.04744531249999993 0.08461111111111105