0 0.09375 0.7993888888888888 0.02424218749999999 0.040555555555555615
0 0.46869531249999996 0.6568888888888889 0.03515625 0.05505555555555554
0 0.600609375 0.505375 0.022132812499999942 0.01945833333333332
0 0.6953515625 0.8215277777777777 0.03534375000000001 0.043055555555555555
0 0.38721875 0.5543333333333333 0.02218749999999998 0.034152777777777824
1 0.13085156250000002 0.8578194444444445 0.1071328125 0.28272222222222215
1 0.519140625 0.7051527777777779 0.12662499999999993 0.23229166666666676
1 0.4224453125 0.5789027777777778 0.08479687499999997 0.15106944444444442
1 0.752953125 0.8290972222222223 0.08135937500000008 0.2286250000000002
1 0.650109375 0.5127361111111112 0.06619531250000002 0.11326388888888883
0 0.6766875 0.4039861111111111 0.01824218749999993 0.021222222222222184
1 0.7002421875 0.3985 0.03576562499999998 0.08393055555555548
0 0.7572890625 0.4552638888888889 0.013773437500000086 0.01779166666666659
1 0.7818125 0.46819444444444447 0.0525390625 0.09326388888888885