0 0.3786796875 0.4571805555555556 0.02126562500000002 0.022458333333333278
0 0.3802890625 0.5261666666666667 0.015085937499999957 0.02570833333333332
0 0.31353906249999997 0.455625 0.013179687500000004 0.020374999999999942
0 0.7363359375 0.5855694444444445 0.021960937499999923 0.024777777777777822
0 0.7422109375 0.4427222222222222 0.013187500000000085 0.01765277777777783
0 0.48763281249999996 0.3711527777777778 0.01743749999999995 0.015638888888888876
1 0.3353359375 0.4558472222222222 0.07720312499999996 0.1256527777777778
1 0.40842968749999997 0.5473333333333333 0.08517968749999998 0.19099999999999998
1 0.772296875 0.5886111111111111 0.06028906250000006 0.15361111111111114
1 0.7771640625 0.4842916666666667 0.054296875 0.11151388888888884
1 0.52696875 0.35791666666666666 0.05259374999999995 0.08727777777777782
1 0.41753125 0.41334722222222225 0.06013281250000002 0.10087499999999999
0 0.49264843750000004 0.4273472222222222 0.02983593750000004 0.0211527777777778
1 0.5512265625 0.4330416666666667 0.05424218750000005 0.09190277777777772