0 0.10796093749999999 0.6303333333333333 0.02364062499999999 0.03916666666666673
0 0.47974218750000003 0.6991388888888889 0.02377343750000005 0.07208333333333337
0 0.8138125 0.5323194444444445 0.022374999999999902 0.02155555555555553
0 0.84021875 0.5260694444444444 0.018374999999999985 0.020541666666666618
1 0.1769921875 0.6035277777777778 0.08909375 0.23390277777777774
1 0.5306328125 0.6624444444444444 0.06304687500000003 0.11374999999999996
1 0.8610859375000001 0.5289027777777778 0.0530390624999999 0.12216666666666672
1 0.9022890625000001 0.5227777777777778 0.033531250000000054 0.08955555555555558
0 0.444453125 0.5378888888888889 0.02561718749999997 0.028138888888888876
1 0.409625 0.5722222222222222 0.09077343750000004 0.14756944444444445
0 0.4731328125 0.3603888888888889 0.021523437499999964 0.023736111111111118
1 0.48871093749999994 0.3636111111111111 0.040718749999999915 0.08431944444444446