0 0.1082421875 0.6298888888888888 0.02417968749999999 0.040138888888888856
0 0.37317187500000004 0.5504861111111111 0.024148437499999974 0.031263888888888876
0 0.8344609374999999 0.526375 0.017921875000000042 0.014902777777777803
0 0.44678125 0.5385416666666667 0.023593750000000035 0.027791666666666655
1 0.17295312499999999 0.6227083333333334 0.12400000000000003 0.1946111111111112
1 0.40442968749999997 0.5643055555555556 0.08757812499999998 0.15308333333333338
1 0.49024999999999996 0.5391250000000001 0.07702343749999993 0.16824999999999998
1 0.8776249999999999 0.5378055555555556 0.052757812500000154 0.0898472222222223
0 0.808390625 0.5244444444444445 0.017554687499999933 0.01879166666666663
0 0.7202890625 0.46631944444444445 0.01869531250000005 0.020263888888888932
1 0.7928515625 0.4595694444444444 0.039953125000000075 0.0875972222222223
0 0.4684609375 0.36233333333333334 0.013859375000000007 0.020444444444444484
1 0.485796875 0.35997222222222225 0.04124218749999997 0.09574999999999996