0 0.11540625 0.48081944444444447 0.025015624999999986 0.02012500000000001
0 0.46692968749999997 0.6559444444444444 0.027374999999999972 0.035861111111111184
0 0.6006015625 0.506125 0.018398437499999965 0.0205833333333334
1 0.146375 0.49561111111111106 0.06324999999999999 0.13895833333333327
1 0.5194375 0.7061527777777777 0.13932812499999994 0.24555555555555564
1 0.6515546875 0.5126111111111111 0.06321093750000006 0.11493055555555555
0 0.6953359375 0.8116111111111112 0.026531250000000027 0.04091666666666672
1 0.7538046875 0.8401805555555555 0.09125781249999995 0.23056944444444444
0 0.757453125 0.45549999999999996 0.014101562499999965 0.01845833333333328
1 0.77765625 0.46525000000000005 0.05898437500000009 0.09647222222222228
0 0.676578125 0.4047777777777778 0.017390624999999993 0.02123611111111106
1 0.707734375 0.3982361111111111 0.03890624999999996 0.08136111111111116