1 0.5242578124999999 0.6994305555555554 0.07502343749999998 0.2434027777777777
0 0.46568750000000003 0.6555833333333333 0.02518750000000001 0.03302777777777774
1 0.7619296875 0.8378472222222222 0.08511718749999994 0.21559722222222225
0 0.6893125 0.8051944444444444 0.02756249999999998 0.023513888888888976
1 0.7461562500000001 0.6387777777777779 0.06889062500000005 0.17743055555555565
0 0.6992578125 0.6793194444444445 0.027046874999999915 0.033194444444444415
0 0.44671874999999994 0.5403749999999999 0.024226562499999993 0.025166666666666674
1 0.494703125 0.5296111111111111 0.06854687500000001 0.17993055555555565
0 0.600625 0.5045138888888889 0.018656250000000086 0.013083333333333277
0 0.6213671875 0.4897222222222223 0.019210937499999935 0.014513888888888953
1 0.65409375 0.514625 0.057624999999999996 0.11940277777777782
1 0.686140625 0.49213888888888885 0.03538281249999997 0.13608333333333336
0 0.09529687500000002 0.796 0.023828125000000012 0.030527777777777803
1 0.134296875 0.8487638888888889 0.1065859375 0.26800000000000007