0 0.20486718750000002 0.7891944444444445 0.02810156250000002 0.055833333333333394
1 0.2386875 0.7898611111111111 0.13003906250000002 0.24747222222222232
0 0.47440625000000003 0.6526805555555556 0.027234374999999922 0.032874999999999946
1 0.515515625 0.7018888888888889 0.12798437499999996 0.24501388888888892
0 0.37571875 0.5509166666666667 0.030101562499999977 0.025458333333333392
1 0.4222578125 0.5980694444444444 0.10185937500000004 0.18897222222222215
0 0.702796875 0.6135277777777778 0.015664062499999964 0.018375000000000027
1 0.7271875 0.6126944444444444 0.08725000000000005 0.1552777777777777
0 0.5984140625000001 0.5098194444444444 0.017687500000000078 0.02283333333333341
1 0.6241796875000001 0.508875 0.07162500000000005 0.15797222222222224
0 0.67653125 0.40479166666666666 0.014320312499999942 0.019930555555555587
1 0.708328125 0.4011666666666666 0.038374999999999916 0.0830555555555555