0 0.45584375 0.5505694444444444 0.01780468749999997 0.03423611111111108
1 0.49996093750000004 0.5350138888888889 0.07629687500000007 0.16488888888888892
0 0.3720625 0.45418055555555553 0.01881250000000003 0.024347222222222183
1 0.4107265625 0.4449305555555556 0.0713515625 0.12040277777777786
0 0.612859375 0.5034166666666666 0.017031249999999963 0.02808333333333337
1 0.619515625 0.5068472222222222 0.07196874999999991 0.13609722222222223
0 0.486765625 0.4233472222222222 0.024367187500000043 0.02304166666666671
1 0.5305078125 0.41326388888888893 0.061789062499999936 0.1228333333333333
0 0.6434453125 0.39555555555555555 0.01778124999999999 0.01879166666666663
1 0.684015625 0.3998055555555556 0.040414062500000014 0.07974999999999995
0 0.016593749999999997 0.6473472222222222 0.014984375 0.03612499999999999
1 0.0640625 0.6375138888888888 0.08381249999999998 0.18811111111111117