0 0.618125 0.8761527777777778 0.028054687500000064 0.037194444444444405
1 0.64771875 0.9060416666666667 0.13156250000000008 0.1879166666666666
0 0.7360078125 0.5678472222222223 0.020335937499999977 0.04541666666666673
1 0.76271875 0.5946666666666667 0.08001562500000006 0.15654166666666672
0 0.74159375 0.4434722222222222 0.013296874999999986 0.02258333333333332
1 0.775890625 0.4650694444444445 0.04835156250000008 0.10098611111111117
0 0.31560156250000004 0.45434722222222224 0.013164062500000018 0.034847222222222266
1 0.332296875 0.4565 0.08207031249999996 0.1353055555555555
0 0.48767187500000003 0.37066666666666664 0.01832812500000003 0.019736111111111163
1 0.5212109375 0.3588472222222222 0.05535156249999993 0.08294444444444449
0 0.6008671875 0.5143888888888889 0.01702343749999997 0.01788888888888888
1 0.6386171875 0.4901111111111111 0.06364062500000003 0.1373472222222222