0 0.3124296875 0.45525 0.017085937500000002 0.044861111111111046
1 0.33271875 0.47256944444444443 0.0748046875 0.16329166666666659
0 0.4485 0.5475694444444444 0.016664062499999945 0.03293055555555561
1 0.4940234375 0.5291527777777778 0.0734375 0.17133333333333337
0 0.47259375 0.65525 0.02714062500000001 0.028861111111111074
1 0.5161953125000001 0.7208055555555556 0.13577343749999998 0.2498888888888889
0 0.5957109375 0.5085694444444445 0.015281249999999958 0.027833333333333283
1 0.6232109375 0.5070555555555555 0.06788281250000008 0.1736111111111111
0 0.3761171875 0.5527083333333334 0.028156249999999973 0.02404166666666659
1 0.42655468750000003 0.5659305555555556 0.08953124999999998 0.15636111111111117
0 0.6763828125 0.4055277777777778 0.0150390625 0.017875000000000005
1 0.7093125 0.39884722222222224 0.03424999999999993 0.07962500000000006