0 0.31603906249999997 0.46244444444444444 0.02014843749999997 0.02318055555555563
0 0.38225 0.5526805555555556 0.022226562500000036 0.02766666666666661
0 0.742203125 0.44326388888888885 0.01171875 0.017472222222222278
0 0.7365468749999999 0.5743472222222222 0.017570312500000008 0.03379166666666673
1 0.35050781249999996 0.46159722222222227 0.06625781249999996 0.12048611111111111
1 0.4262890625 0.5607777777777778 0.07568749999999995 0.17679166666666662
1 0.7721171874999999 0.5852361111111111 0.061820312500000085 0.14250000000000004
1 0.7592265625 0.46226388888888886 0.03946874999999998 0.1055833333333333
1 0.550984375 0.36325 0.03567187500000006 0.07702777777777779
0 0.48859375 0.37106944444444445 0.015929687500000077 0.01555555555555562
0 0.48471093749999994 0.42443055555555553 0.027179687499999973 0.020847222222222208
1 0.5206015625 0.4190138888888889 0.05609374999999996 0.11633333333333332