0 0.47303125 0.6548472222222222 0.02410156249999993 0.032597222222222264
1 0.5266875 0.7189166666666666 0.11978124999999995 0.23326388888888897
0 0.6972265625 0.6160138888888889 0.03145312499999999 0.027680555555555486
1 0.7462265625 0.6496527777777777 0.07708593750000006 0.21173611111111118
0 0.113546875 0.8123055555555556 0.02857812499999999 0.05463888888888878
1 0.1498671875 0.8836111111111111 0.13263281250000003 0.23277777777777764
0 0.3716796875 0.5553611111111111 0.02784374999999999 0.01776388888888884
1 0.4291484375 0.5748333333333333 0.08948437499999998 0.16990277777777785
0 0.454546875 0.5489444444444445 0.0234375 0.02504166666666663
1 0.50809375 0.5255833333333334 0.06318749999999991 0.19184722222222222
0 0.7282734375000001 0.4620694444444444 0.019007812499999943 0.02091666666666659
1 0.7533671875 0.4511666666666666 0.040617187500000006 0.08705555555555548
0 0.5990703125 0.5104583333333333 0.015085937499999957 0.01605555555555548
1 0.6289687500000001 0.4946666666666667 0.06004687499999992 0.11151388888888884