0 0.473421875 0.6555833333333333 0.027085937500000056 0.032597222222222264
1 0.5161640625 0.7143333333333334 0.13742968750000006 0.22626388888888893
0 0.3771796875 0.5516805555555555 0.028304687500000016 0.030472222222222296
1 0.42523437499999994 0.5622916666666667 0.11583593749999999 0.1644583333333333
0 0.59709375 0.5091249999999999 0.015640624999999984 0.022097222222222178
1 0.62265625 0.5166388888888889 0.06924218750000008 0.16820833333333335
0 0.7253437500000001 0.4728333333333333 0.012179687499999935 0.013513888888888914
1 0.752875 0.4723472222222222 0.0525390625 0.1296527777777778
0 0.700875 0.6209027777777778 0.02421875 0.029569444444444395
1 0.726828125 0.6379444444444444 0.08892968749999994 0.2001527777777778
0 0.30670312499999997 0.4595277777777778 0.023335937500000004 0.03888888888888889
1 0.3276015625 0.4754166666666667 0.07830468750000001 0.15940277777777775
0 0.6757578125 0.40516666666666673 0.0142578125 0.020499999999999987
1 0.7101875 0.3984583333333333 0.03490625000000005 0.08195833333333333