0 0.11253125 0.8003333333333333 0.042679687499999994 0.05209722222222221
0 0.4512890625 0.7208749999999999 0.033601562499999994 0.043444444444444404
0 0.54259375 0.6942083333333333 0.03471093750000005 0.031555555555555594
1 0.6116953125 0.650513888888889 0.09494531249999998 0.1990833333333333
0 0.155734375 0.8981388888888888 0.028874999999999984 0.04786111111111116
1 0.18615625000000002 0.8954861111111111 0.11260156250000002 0.2080555555555555
0 0.6905078125 0.5941111111111111 0.021101562499999994 0.02429166666666668
1 0.7408359375 0.5959444444444444 0.08505468749999992 0.14873611111111115
0 0.8272109375 0.6541250000000001 0.016429687500000158 0.0330833333333334
1 0.8511875 0.7105138888888889 0.08257812499999986 0.1344583333333334
1 0.07466406249999999 0.8628194444444445 0.11953906249999999 0.2693333333333334
1 0.513765625 0.7074305555555556 0.10737500000000004 0.22008333333333338
0 0.8411484375 0.5226805555555555 0.013960937499999914 0.014319444444444369
1 0.8773203125 0.5383611111111111 0.0494140625 0.08830555555555561